    20170907
    20160409
    20170623
    20170510
    20180302
    20171122
    20160210
    20171027
    20160913
    20170815
    20170708
    20160819
    20180122
    20170920
    20180104
    20160311
    20160517
    20160129
    20151120
    20170816
    20171121
    20171110
    20151116
    20160803
    20160329
    20160314
    20160220
    20160319
    20160321
    20171204
    20160319
    20160220
    20170608
    20160309
    20160509
    20160526
    20160415
    20160225
    20180223
    20170221
    20151219
    20171017
    20160810
    20160708
    20170412
    20180212
    20180112
    20160409
    20170428
    20160514
    20160130
    20171024
    20170604
    20160409
    20170519
    20160518
    20170523
    20160419
    20170107
    20160606
    20170518
    20160628
    20170912
    20160409
    20160325
    20161108
    20160615
    20151112
    20161222
    20171220
    20160514
    20171011
    20160407
    20160428
    20151110
    20151201
    20160127
    20160130
    20160321
    20160520
    20160319
    20151121
    20160824
    20170130
    20160808
    20160220
    20170524
    20160215
    20161010
    20160322
    20160226
    20151111
    20160220
    20160119
    20151121
    20170822
    20160224
    20151109
    20160910
    20170817
    20170417
    20160112
    20151210
    20160130
    20180118
    20160526
    20161028
    20171023
    20160609
    20171107
    20160426
    20160511
    20160516
    20160421
    20170503
    20171127
    20170103
    20160504
    20161207
    20160514
    20160408
    20160514
    20160510
    20160513
    20170207
    20160307
    20160524
    20160923
    20160511
    20161103
    20170629
    20161012
    20160809
    20161020
    20161117
    20170613
    20160511
    20160105
    20170419
    20160226
    20180310
    20160502
    20171112
    20160908
    20160323

